 rhoc = 0.5
 shat = 0.796
 qinp = 1.5
 rmaj = 6
 rgeo = 2.77778
 shift = 0.01
 kappa = 1.3
 kapprim = 0.03
 tri = 0.01
 triprim = 0.3
 betaprim = 0.0
 
!! finite diff
           1   (7.82127443643698683E-002,3.52434869205220380E-002)
           2  (-5.67705768506066022E-003,1.94761231447904137E-002)
           3  (1.13797860024078545E-009,-1.38777878078144568E-011)
           4       (8.31629173858594584E-003,-0.11021207672878841)
           5  (-3.50849212737980309E-002,5.55970022797502850E-003)
           6 (-1.57452678672953539E-002,-1.96359048326710806E-002)
           7   (2.92860141692941056E-002,1.26559599467057637E-002)
           8 (-2.77705338169731419E-002,-5.45279307123669454E-002)
           9   (3.44231203541767172E-002,2.79589815882497206E-002)
          10   (3.32155747351237096E-003,1.45839130355485125E-002)
          11              (0.31183800636158665,6.0405962441223426)

!! adjoint
           1   (8.25567105521232136E-002,4.05051818799046157E-002)
           2  (-6.04160145085895928E-003,1.87129196854737175E-002)
           3 (-6.83686177007412110E-011,-1.06082153610018604E-010)
           4       (1.10777222370107564E-002,-0.13314654108265536)
           5  (-3.37040938157797815E-002,5.66958588279246022E-003)
           6 (-1.46854385876171514E-002,-1.49881234814078675E-002)
           7   (2.84204981336302447E-002,1.24353958417163287E-002)
           8 (-2.70496890236588440E-002,-5.08256663362208622E-002)
           9   (3.01840154626287181E-002,2.55944094264295569E-002)
          10   (3.25391348702873829E-003,1.63491153648419665E-002)
          11              (0.39117898132493961,5.7711841470746119)
          12             (-0.0000000000000000,-0.0000000000000000)
          13             (-0.0000000000000000,-0.0000000000000000)
          14             (-0.0000000000000000,-0.0000000000000000)


 rhoc = 0.5
 shat = 0.796
 qinp = 1.4
 rmaj = 5
 rgeo = 2.77778
 shift = 0.01
 kappa = 1.0
 kapprim = 0.01
 tri = 0.01
 triprim = 0.01
 betaprim = 0.01

finite difference answer:
           1   (6.39843345251467355E-002,1.46951393692473786E-002)
           2  (-3.62325905667315595E-002,3.70179311925955545E-002)
           3  (3.66874966239993938E-002,-2.43318554610238991E-002)
           4       (1.92716055613662007E-002,-0.13276918207905108)
           5  (1.90561815216483410E-002,-8.76656656850771654E-002)
           6 (-6.75395128713063286E-004,-4.23988080616721774E-002)
           7  (-2.14772292728149239E-002,4.74139000283813061E-002)
           8  (8.73046098470720011E-002,-5.87484081659983559E-002)
           9  (-2.21765818764207978E-002,1.99375750353780745E-002)
          10  (-6.50920686795508630E-003,1.62021670524481465E-002)
          11              (-5.0958880307427901,3.3790544480133411)

           1   (8.83280338558733447E-002,2.36106231169758152E-002)
           2  (-3.88471704404491913E-002,3.67646727306312968E-002)
           3  (3.62270797071067435E-002,-2.38181627051184223E-002)
           4      (-1.28550446613793327E-002,-0.16874851221725329)
           5  (1.80591603685253226E-002,-8.63596551592549500E-002)
           6  (9.05859303915938080E-003,-3.61887370447474752E-002)
           7  (-2.14369455221530801E-002,4.72041800527974384E-002)
           8  (8.61954188860098725E-002,-5.70437388616599553E-002)
           9  (-2.72623168123379278E-002,1.96619584465703122E-002)
          10  (-2.40982255401039642E-003,1.97617101908480614E-002)
          11              (-5.0316101108205178,3.3079896710376064)
          12              (0.0000000000000000,-0.0000000000000000)
          13              (0.0000000000000000,-0.0000000000000000)
          14              (0.0000000000000000,-0.0000000000000000)
           1   (9.34288492544076976E-002,1.45976022109745047E-002)  (5.10081539853435295E-003,-9.01302090600131223E-003)   (8.83280338558733447E-002,2.36106231169758152E-002)   (9.85296646529420506E-002,5.58458130497319245E-003)
           2  (-3.88471704404491913E-002,3.67646727306312968E-002)  (-5.87373508512123443E-003,1.04678355428156067E-002)  (-3.29734353553279569E-002,2.62968371878156901E-002)  (-4.47209055255704258E-002,4.72325082734469034E-002)
           3  (3.62270797071067435E-002,-2.38181627051184223E-002)  (1.04083408558608426E-011,-6.93889390390722838E-012)  (3.62270796966984027E-002,-2.38181626981795284E-002)  (3.62270797175150844E-002,-2.38181627120573162E-002)
           4      (-2.55636571744197842E-002,-0.13825713940173123)  (1.27086125130404515E-002,-3.04913728155220554E-002)      (-3.82722696874602392E-002,-0.10776576658620918)      (-1.28550446613793327E-002,-0.16874851221725329)
           5  (1.80591603685253226E-002,-8.63596551592549500E-002)  (-1.44679174890471884E-004,1.77945054524730750E-004)  (1.82038395434157944E-002,-8.65376002137796807E-002)  (1.79144811936348507E-002,-8.61817101047302192E-002)
           6  (8.67176217320889814E-003,-3.94570205635677226E-002)   (3.86830865950482661E-004,3.26828351882024748E-003)  (8.28493130725841548E-003,-4.27253040823879701E-002)  (9.05859303915938080E-003,-3.61887370447474752E-002)
           7  (-2.14369455221530801E-002,4.72041800527974384E-002)  (-1.90473796353451963E-002,3.39451273478896809E-002)  (-2.38956588680788382E-003,1.32590527049077575E-002)  (-4.04843251574982799E-002,8.11493074006871262E-002)
           8  (8.61954188860098725E-002,-5.70437388616599553E-002)               (0.0000000000000000,0.0000000000000000)  (8.61954188860098725E-002,-5.70437388616599553E-002)  (8.61954188860098725E-002,-5.70437388616599553E-002)
           9  (-2.72623168123379278E-002,1.96619584465703122E-002)  (6.67518399583011401E-003,-1.17098887530975304E-002)  (-3.39375008081680418E-002,3.13718471996678461E-002)  (-2.05871328165078138E-002,7.95206969347278178E-003)
          10  (-4.47923615564169272E-004,1.63952417118655852E-002)  (-1.96189893844622709E-003,3.36646847898247614E-003)   (1.51397532288205777E-003,1.30287732328831091E-002)  (-2.40982255401039642E-003,1.97617101908480614E-002)
          11              (-5.0316101108205178,3.3079896710376064)               (0.0000000000000000,0.0000000000000000)              (-5.0316101108205178,3.3079896710376064)              (-5.0316101108205178,3.3079896710376064)
          12              (0.0000000000000000,-0.0000000000000000)               (0.0000000000000000,0.0000000000000000)              (0.0000000000000000,-0.0000000000000000)               (0.0000000000000000,0.0000000000000000)
          13              (0.0000000000000000,-0.0000000000000000)               (0.0000000000000000,0.0000000000000000)              (0.0000000000000000,-0.0000000000000000)               (0.0000000000000000,0.0000000000000000)
          14              (0.0000000000000000,-0.0000000000000000)               (0.0000000000000000,0.0000000000000000)              (0.0000000000000000,-0.0000000000000000)               (0.0000000000000000,0.0000000000000000)

 rhoc = 0.5
 shat = 0.796
 qinp = 1.4
 rmaj = 2.77778
 rgeo = 2.77778
 shift = 0.0
 kappa = 1.0
 kapprim = 0.0
 tri = 0.0
 triprim = 0.0
 betaprim = 0.0
 
           1             (0.21578876594268201,0.20425949177867139)
           2   (5.82443791983539168E-004,5.75519257411526292E-002)
           3 (-6.61858701560595005E-011,-3.06023211861042614E-010)
           4      (-7.60926486640697980E-002,-0.22959949001857952)
           5  (-4.10513412205169639E-002,3.24610873697377686E-003)
           6 (-3.01113409355154363E-002,-1.32187887444272477E-002)
           7   (5.65307998416238258E-002,2.33019223162434820E-002)
           8      (-6.71891445514190694E-002,-0.18516152737148359)
           9  (-1.11674025193238893E-002,1.30680563734224455E-002)
          10   (1.14506479758005927E-002,2.68512165166388643E-002)
          11              (0.61633967668418099,2.0955210873501415)
         
   
           1             (0.20703554498501020,0.18819051684549892)
           2   (2.98063284395355677E-004,6.12188462479942574E-002)
           3 (-5.60468144643243296E-011,-3.09155696936664008E-010)
           4      (-6.93511466644456814E-002,-0.22699607431551597)
           5  (-4.21714327924930799E-002,5.21437667367761343E-003)
           6 (-3.24054104067777390E-002,-1.38647410107260016E-002)
           7   (5.54005097697302662E-002,2.14487945170910299E-002)
           8      (-6.42855306980115171E-002,-0.18650368368492515)
           9  (-9.13201774698551953E-003,1.02523454950797840E-002)
          10   (1.05805750878996494E-002,2.65502448977204299E-002)
          11              (0.57272299933176518,2.1249831913508723)

        rhoc = 0.5
        shat = 0.796
        qinp = 1.4
        rmaj = 2.77778
        rgeo = 2.77778
        shift = 0.0
        kappa = 1.0
        kapprim = 0.0
        tri = 0.0
        triprim = 0.0
        betaprim = 0.0
        !! Adjoint
           1             (0.20670706097744287,0.18700695403329454)
           2   (9.50390653558527004E-003,6.31086968488419053E-002)
           3 (-6.01173551421222694E-011,-3.12132567297318259E-010)
           4      (-5.92892286528850718E-002,-0.23986157029524585)
           5  (-4.87389241133502141E-002,3.45509257611718726E-003)
           6 (-3.50653214938582633E-002,-1.73675369115869407E-002)
           7   (7.84035858469767782E-002,2.10964221127562905E-002)
           8      (-7.00333192625777756E-002,-0.19498220684933701)
           9  (-7.37942303045621695E-003,1.20106066987673461E-002)
          10   (1.07582926454391024E-002,2.90842553069557037E-002)
          11              (0.58606684028383604,2.1813916168604890)

        !! Finite difference
           1             (0.19172175932946622,0.14304917833607433)
           2   (1.08860222225448666E-002,7.38204628814020936E-002)
           3 (-1.08246744900952763E-009,-2.77555756156289135E-010)
           4      (-5.55359862541848770E-002,-0.20362150984776228)
           5  (-4.43749119671821290E-002,7.29868857018978190E-003)
           6 (-3.51772016793372444E-002,-2.38232933658100166E-002)
           7   (6.06789982149358309E-002,2.12454890069491142E-002)
           8      (-7.93572788315710653E-002,-0.19586107438684941)
           9  (-8.14727979525642354E-004,1.50506530016691897E-002)
          10   (6.51858417244355337E-003,2.25763711614312967E-002)
          11              (0.73385904611478203,2.2387200770412896)

        rhoc = 0.5
        shat = 0.825
        qinp = 1.5
        rmaj = 5
        rgeo = 2.77778
        shift = 0.101
        kappa = 1.0
        kapprim = 0.0229
        tri = 0.23
        triprim = 0.004
        betaprim = 0.0
           1   (9.53822259844600284E-002,6.04756467554427440E-002)
           2   (3.74541913398422101E-004,2.81083258485271062E-002)
           3  (9.34158346244379446E-011,-4.21787323029164822E-010)
           4      (-5.33093110753846341E-002,-0.17260248086700281)
           5   (3.62349145789311964E-003,6.97330378121069627E-002)
           6  (-8.46693071495561653E-003,2.60627375773450761E-003)
           7   (4.64148915380886429E-002,5.68467727975713582E-003)
           8      (-4.99852100181689754E-002,-0.13161107484511142)
           9 (-1.49717950979238162E-002,-9.41022282975737152E-003)
          10   (8.41344346429909878E-003,1.84883562257184692E-002)
          11               (2.3886884453799730,8.6138810066524520)

        rhoc = 0.1
        shat = 1.2
        qinp = 3
        rmaj = 8
        rgeo = 3
        shift = 0.4
        kappa = 1.3
        kapprim = 0.1
        tri = 0.01
        triprim = 0.01
        betaprim = 0.0

           1   (6.67387659519915744E-002,4.42997976329072909E-002)
           2   (3.48561123781873314E-004,1.51059021531370231E-002)
           3  (-3.73665234206148080E-010,7.91619548313107481E-010)
           4      (-7.60788007450277498E-002,-0.13039988859591797)
           5   (1.86366836937733177E-002,1.12381906285988105E-002)
           6 (-6.78871642908996926E-004,-3.38228739423708231E-004)
           7  (1.37507526601005178E-003,-5.82891964191806829E-003)
           8 (-2.97382213128608019E-002,-1.05946002687639408E-002)
           9 (-1.39708200258670187E-002,-2.75012493254828752E-002)
          10   (1.57841295162710845E-003,1.28330096985623007E-003)
          11               (13.292819277989027,10.973487409783047)

        rhoc = 0.5
        shat = 0.825
        qinp = 1.5
        rmaj = 5
        rgeo = 2.77778
        shift = 0.101
        kappa = 1.0
        kapprim = 0.0229
        tri = 0.23
        triprim = 0.004
        betaprim = 0.0
        with unp factors included            
           1   (9.53822436972202592E-002,6.04756595145754805E-002)
           2   (3.74541805477083135E-004,2.81083196413772184E-002)
           3  (9.34158346244378670E-011,-4.21787323029164925E-010)
           4      (-5.33093316178702634E-002,-0.17260257783486341)
           5   (3.62349154864277439E-003,6.97330374751914672E-002)
           6  (-8.46692955519326267E-003,2.60627709860767080E-003)
           7   (4.64148607177484393E-002,5.68467350618233076E-003)
           8      (-4.99852100181689754E-002,-0.13161107484511145)
           9 (-1.49717883137040174E-002,-9.41023186257441448E-003)
          10   (8.41344323233010095E-003,1.84883551234214481E-002)
          11               (2.3886884453799735,8.6138810066524538)
           1   (9.53822436972202592E-002,6.04756595145754805E-002)
           2   (3.74541805477083135E-004,2.81083196413772184E-002)
           3  (9.34158346244378670E-011,-4.21787323029164925E-010)
           4      (-5.33093316178702634E-002,-0.17260257783486341)
           5   (3.62349154864277439E-003,6.97330374751914672E-002)
           6  (-8.46692955519326267E-003,2.60627709860767080E-003)
           7   (4.64148607177484393E-002,5.68467350618233076E-003)
           8      (-4.99852100181689754E-002,-0.13161107484511145)
           9 (-1.49717883137040174E-002,-9.41023186257441448E-003)
          10   (8.41344323233010095E-003,1.84883551234214481E-002)
          11               (2.3886884453799735,8.6138810066524538)
           1   (9.53822436972202592E-002,6.04756595145754805E-002)
           2   (3.74541805477083135E-004,2.81083196413772184E-002)
           3  (9.34158346244378670E-011,-4.21787323029164925E-010)
           4      (-5.33093316178702634E-002,-0.17260257783486341)
           5   (3.62349154864277439E-003,6.97330374751914672E-002)
           6  (-8.46692955519326267E-003,2.60627709860767080E-003)
           7   (4.64148607177484393E-002,5.68467350618233076E-003)
           8      (-4.99852100181689754E-002,-0.13161107484511145)
           9 (-1.49717883137040174E-002,-9.41023186257441448E-003)
          10   (8.41344323233010095E-003,1.84883551234214481E-002)
          11               (2.3886884453799735,8.6138810066524538)
	  
           1   (9.53822419436605173E-002,6.04756584027576274E-002)
           2   (3.74541881067166102E-004,2.81083253142024800E-002)
           3  (9.34158346244378799E-011,-4.21787323029164822E-010)
           4      (-5.33093335611332375E-002,-0.17260258412667367)
           5   (3.62349155728266094E-003,6.97330376414635883E-002)
           6  (-8.46692953007862140E-003,2.60627709087691986E-003)
           7   (4.64148915201748613E-002,5.68467727871842764E-003)
           8      (-4.99852100181689754E-002,-0.13161107484511142)
           9 (-1.49717877777185357E-002,-9.41023152569096626E-003)
          10   (8.41344318277072872E-003,1.84883550145158240E-002)
          11               (2.3886884453799730,8.6138810066524520)


	rhoc = 0.5
        shat = 0.796
        qinp = 1.4
        rmaj = 2.77778
        rgeo = 2.77778
        shift = 0.0
        kappa = 1.0
        kapprim = 0.0
        tri = 0.0
        triprim = 0.0
        betaprim = 0.0
	
           1             (0.20670711954244855,0.18700701803950348)
           2   (9.50390217513934904E-003,6.31086703271579452E-002)
           3 (-6.01173551421222306E-011,-3.12132567297318259E-010)
           4      (-5.92892449959561696E-002,-0.23986166973228995)
           5  (-4.87389235102353643E-002,3.45509258314682759E-003)
           6 (-3.50653216301565415E-002,-1.73675340331186402E-002)
           7   (7.84035307843943818E-002,2.10964072968079092E-002)
           8      (-7.00333192625777756E-002,-0.19498220684933701)
           9  (-7.37940795294807911E-003,1.20106068200778182E-002)
          10   (1.07582923597626251E-002,2.90842548006043887E-002)
          11              (0.58606684028383604,2.1813916168604890)



 rhoc = 0.5
 shat = 0.796
 qinp = 1.4
 rmaj =	5
 rgeo = 2.77778
 shift = 0.0
 kappa = 1.0
 kapprim = 0.0
 tri = 0.0
 triprim = 0.0
 betaprim = 0.0
 
           1   (9.99021358515776309E-002,5.59880728066842470E-002)
           2  (-1.97401039287287139E-003,2.64794549220643098E-002)
           3  (-6.95073624123767967E-011,2.11739554724199442E-010)
           4      (-2.89647175598945344E-002,-0.16242435459397428)
           5  (-3.53017467879243665E-002,8.52103204958203596E-003)
           6 (-1.36116349708557231E-002,-1.42294055815176037E-002)
           7   (4.97909259882243424E-002,1.11558686869608174E-002)
           8      (-5.64521604015532641E-002,-0.11216093493320377)
           9  (9.12055286567782335E-003,-2.55185285002461478E-003)
          10   (7.17983979235564760E-003,1.60243507362450195E-002)
          11               (1.9258898917739251,6.7472434122256555)

!! get rid of unp in adjoint_p_derivatives
           1   (9.99021348672998882E-002,5.59880722550662943E-002)
           2  (-1.97401078961982872E-003,2.64794602440439411E-002)
           3  (-6.95073624123767967E-011,2.11739554724199416E-010)
           4      (-2.89647186095870340E-002,-0.16242436048029546)
           5  (-3.53017468795895906E-002,8.52103207170791348E-003)
           6 (-1.36116349329855960E-002,-1.42294055419287246E-002)
           7   (4.97909613709702700E-002,1.11558766146154995E-002)
           8      (-5.64521604015532363E-002,-0.11216093493320375)
           9  (9.12055252399496946E-003,-2.55185275442466799E-003)
          10   (7.17983974771087621E-003,1.60243506366044321E-002)
          11               (1.9258898917739242,6.7472434122256546)

!! increasing nstep from 3000 to 4000
           1        (0.10091154591276404,5.55495941376404415E-002)
           2  (-1.81365985978691377E-003,2.62273359426989094E-002)
           3  (-7.23101548819925778E-011,2.01765623251091559E-010)
           4      (-3.06195464691400333E-002,-0.16223128460445818)
           5  (-3.52209898138012498E-002,8.13553667018223139E-003)
           6 (-1.36614832087878467E-002,-1.39600402241714227E-002)
           7   (4.97212119165902910E-002,1.05225844015147882E-002)
           8      (-5.69222838085172780E-002,-0.11231104883220708)
           9  (8.15322852842186897E-003,-2.37781713260098873E-003)
          10   (7.32979768016896009E-003,1.60654225828303528E-002)
          11               (1.9718970898207218,6.7242689347791691)

!! putting in maxwellians 
           1   (8.83098659339906777E-002,6.46513270171484300E-002)
           2  (-2.06464846185694377E-005,2.56137578763057372E-002)
           3  (-6.50013354023899287E-011,2.07680025575276621E-010)
           4      (-2.44743025719601354E-002,-0.16557656470437113)
           5  (-3.08599342293703963E-002,8.22486060742470132E-003)
           6 (-1.32211926385183316E-002,-1.45290716092089205E-002)
           7   (5.32818363487345403E-002,9.98950268760993680E-003)
           8      (-4.92947119652699522E-002,-0.11103839612215387)
           9  (1.25051540488553617E-002,-6.52700865963163832E-003)
          10   (5.53557908414418088E-003,1.59579125262601651E-002)
          11               (1.6729944967025592,6.7189794248416188)

!! Holding Maxwellians fixed
           1   (6.32864341801332719E-002,7.58299558794280765E-002)
           2  (-3.57063291357224933E-003,1.80269749365317769E-002)
           3  (-9.42314159167993924E-011,8.02645030305859184E-011)
           4      (-3.58037010057944277E-002,-0.11753260062071071)
           5  (-2.29230388709162312E-002,1.56047635988720867E-003)
           6 (-1.27565202693029310E-002,-1.27654180060713437E-002)
           7   (2.70829790092196425E-002,2.44900350673432597E-002)
           8 (-3.94668089409882308E-002,-7.62701863462312002E-002)
           9  (1.90493829048120587E-002,-1.84298860295899918E-003)
          10   (6.40097639248222820E-003,1.07526614698525425E-002)
          11               (1.3188288771993155,5.0437309247878019)
           1   (9.99021358517379332E-002,5.59880728062644925E-002)
           2  (-1.97401039297768555E-003,2.64794549220493634E-002)
           3  (-6.90261007838641274E-011,2.11802676710201068E-010)
           4      (-2.89647175598063515E-002,-0.16242435459412544)
           5  (-3.53017467880268887E-002,8.52103204956310839E-003)
           6 (-1.36116349708062922E-002,-1.42294055815794882E-002)
           7   (4.97909259884416547E-002,1.11558686868391214E-002)
           8      (-5.64521604013643111E-002,-0.11216093493350078)
           9  (9.12055286559298496E-003,-2.55185284988853180E-003)
          10   (7.17983979245404892E-003,1.60243507361608716E-002)
          11               (1.9258898917739153,6.7472434122256733)
           1   (9.99021359420963484E-002,5.59880728569039990E-002)
           2  (-1.97401157720560570E-003,2.64794708073303638E-002)
           3  (-6.90260510851381927E-011,2.11802524212478211E-010)
           4      (-2.89647218952983759E-002,-0.16242437890610067)
           5  (-3.53017089850309954E-002,8.52102292478688732E-003)
           6 (-1.36116344966624152E-002,-1.42294050859163666E-002)
           7   (4.97909613901466666E-002,1.11558766187416641E-002)
           8      (-5.64520249772928473E-002,-0.11216066586867918)
           9  (9.12055144551311703E-003,-2.55185245256230476E-003)
          10   (7.17983962975020894E-003,1.60243503730297318E-002)
          11               (1.9258978719529907,6.7472713703197069)
           1   (9.99021359419360322E-002,5.59880728573237466E-002)
           2  (-1.97401157710079198E-003,2.64794708073453101E-002)
           3  (-6.95073123671429777E-011,2.11739402271924370E-010)
           4      (-2.89647218953865623E-002,-0.16242437890594952)
           5  (-3.53017089849284732E-002,8.52102292480581142E-003)
           6 (-1.36116344967118445E-002,-1.42294050858544786E-002)
           7   (4.97909613899293543E-002,1.11558766188633619E-002)
           8      (-5.64520249774817934E-002,-0.11216066586838216)
           9  (9.12055144559795715E-003,-2.55185245269838818E-003)
          10   (7.17983962965180762E-003,1.60243503731138832E-002)
          11               (1.9258978719529996,6.7472713703196892)
	  
           1   (9.99021241736889054E-002,5.59884436803362584E-002)
           2  (-1.97398436851372368E-003,2.64799216580558702E-002)
           3  (1.10653889028330642E-010,-5.32595701647778186E-011)
           4      (-2.89647174152061863E-002,-0.16242435402421712)
           5  (-3.53017465775761277E-002,8.52102919831941585E-003)
           6 (-1.36116378863392513E-002,-1.42294124148374789E-002)
           7   (4.97909260571271495E-002,1.11558688473235041E-002)
           8      (-5.64521603116848042E-002,-0.11216093494191612)
           9  (9.12062968060572618E-003,-2.55144559986659200E-003)
          10   (7.17986972159635490E-003,1.60244490258708988E-002)
          11               (1.9258898918305889,6.7472434122124465)
