
           1   (7.68639158303167447E-004,8.61186931743739281E-002)
           2  (-1.78802735858134380E-002,1.87954503316608047E-002)
           3  (7.81833823793021652E-003,-1.27273680157565286E-003)
           4            (0.10364849594377148,-0.24606780210880633)
           5 (-1.43766328639033276E-002,-6.21858725062188200E-002)
           6  (2.09385881747359368E-003,-2.69923604109143338E-002)
           7   (3.46184018993115072E-002,1.90200827100682826E-003)
           8  (8.79643410776742851E-002,-5.61341934062441483E-002)
           9  (-6.29732658113739546E-002,5.12950163538105838E-002)
          10  (-1.57413066302329110E-002,2.55532136175500788E-002)
          11             (-1.0858817680373638,0.17676925164474969)
          12             (-0.0000000000000000,-0.0000000000000000)
          13             (-0.0000000000000000,-0.0000000000000000)
          14             (-0.0000000000000000,-0.0000000000000000)

           1   (2.35566508424924423E-002,7.52815636172960712E-002)
           2  (-1.78802735490018565E-002,1.87954503139152289E-002)
           3  (7.81833823793021652E-003,-1.27273680157565286E-003)
           4            (0.10364849594377148,-0.24606780210880633)
           5 (-1.43766328639033276E-002,-6.21858725062188200E-002)
           6  (2.09385881747359368E-003,-2.69923604109143338E-002)
           7   (3.46184018993115072E-002,1.90200827100682826E-003)
           8  (8.79643410776742851E-002,-5.61341934062441483E-002)
           9  (-5.39204390787942009E-002,4.60786396275429111E-002)
          10  (-1.57413066302329110E-002,2.55532136175500788E-002)
          11             (-1.0858817680373638,0.17676925164474969)
          12             (-0.0000000000000000,-0.0000000000000000)
          13             (-0.0000000000000000,-0.0000000000000000)
          14             (-0.0000000000000000,-0.0000000000000000)

!! finite diff

           1   (6.39843345251467355E-002,1.46951393692473786E-002)
           2  (-3.62325905667315595E-002,3.70179311925955545E-002)
           3  (3.66874966239993938E-002,-2.43318554610238991E-002)
           4       (1.92716055613662007E-002,-0.13276918207905108)
           5  (1.90561815216483410E-002,-8.76656656850771654E-002)
           6 (-6.75395128713063286E-004,-4.23988080616721774E-002)
           7  (-2.14772292728149239E-002,4.74139000283813061E-002)
           8  (8.73046098470720011E-002,-5.87484081659983559E-002)
           9  (-2.21765818764207978E-002,1.99375750353780745E-002)
          10  (-6.50920686795508630E-003,1.62021670524481465E-002)
          11              (-5.0958880307427901,3.3790544480133411)

!! adjoint
	   1        (0.10724658524171191,1.18331540109980517E-002)
           2  (-4.10046489575458459E-002,3.64628589156114555E-002)
           3  (3.69741325361272258E-002,-2.35564813712557004E-002)
           4      (-2.64688205632878960E-002,-0.13538011399809347)
           5  (1.98107211812858855E-002,-8.64619089719422113E-002)
           6  (8.76618172999228847E-003,-3.97393800160355248E-002)
           7  (-2.32205914594508997E-002,4.61081368382562709E-002)
           8  (8.86752656980722836E-002,-5.66853283336539310E-002)
           9  (-3.07528068277346106E-002,1.85271664768516288E-002)
          10  (-2.53089993071563474E-004,1.62166450676411028E-002)
          11              (-5.1353674366943229,3.2716452337165092)
          12             (-0.0000000000000000,-0.0000000000000000)
          13             (-0.0000000000000000,-0.0000000000000000)
          14             (-0.0000000000000000,-0.0000000000000000)

time average of phi and g
           1        (0.10749254684580407,1.17790773348385239E-002)
           2  (-4.10032731625488839E-002,3.64404191692037846E-002)
           3  (3.69665140763290739E-002,-2.35290994565215614E-002)
           4      (-2.66274640185731742E-002,-0.13536309124275009)
           5  (1.97888053622707651E-002,-8.64322962824067703E-002)
           6  (8.77570100033860621E-003,-3.97261615068913235E-002)
           7  (-2.31660066608733034E-002,4.60610133831288945E-002)
           8  (8.86797629043909186E-002,-5.66189368041691773E-002)
           9  (-3.07638230825314184E-002,1.85135000777955361E-002)
          10  (-2.36948592982235941E-004,1.62083791912713757E-002)
          11              (-5.1343093721334041,3.2678421925767722)
          12             (-0.0000000000000000,-0.0000000000000000)
          13             (-0.0000000000000000,-0.0000000000000000)
          14             (-0.0000000000000000,-0.0000000000000000)

!! conjugating adjoint initial condition 
           1        (0.10749254684580407,1.17790773348385239E-002)
           2  (-4.10032731625488839E-002,3.64404191692037846E-002)
           3  (3.69665140763290739E-002,-2.35290994565215614E-002)
           4      (-2.66274640185731742E-002,-0.13536309124275009)
           5  (1.97888053622707651E-002,-8.64322962824067703E-002)
           6  (8.77570100033860621E-003,-3.97261615068913235E-002)
           7  (-2.31660066608733034E-002,4.60610133831288945E-002)
           8  (8.86797629043909186E-002,-5.66189368041691773E-002)
           9  (-3.07638230825314184E-002,1.85135000777955361E-002)
          10  (-2.36948592982235941E-004,1.62083791912713757E-002)
          11              (-5.1343093721334041,3.2678421925767722)
          12               (0.0000000000000000,0.0000000000000000)
          13               (0.0000000000000000,0.0000000000000000)
          14               (0.0000000000000000,0.0000000000000000)


!! conjugating resulting lam and chi
           1        (0.10749254684580407,1.17790773348385239E-002)
           2  (-4.10032731625488839E-002,3.64404191692037846E-002)
           3  (3.69665140763290739E-002,-2.35290994565215614E-002)
           4      (-2.66274640185731742E-002,-0.13536309124275009)
           5  (1.97888053622707651E-002,-8.64322962824067703E-002)
           6  (8.77570100033860621E-003,-3.97261615068913235E-002)
           7  (-2.31660066608733034E-002,4.60610133831288945E-002)
           8  (8.86797629043909186E-002,-5.66189368041691773E-002)
           9  (-3.07638230825314184E-002,1.85135000777955361E-002)
          10  (-2.36948592982235941E-004,1.62083791912713757E-002)
          11              (-5.1343093721334041,3.2678421925767722)
          12               (0.0000000000000000,0.0000000000000000)
          13               (0.0000000000000000,0.0000000000000000)
          14               (0.0000000000000000,0.0000000000000000)

!! mod lam and chi and gnew and phi 
           1   (4.27214461561946229E-002,2.06486996831997741E-002)
           2  (-1.86587240394082174E-003,2.76871192361164836E-002)
           3  (1.45348167583901232E-003,-2.25332850228019063E-002)
           4  (2.43385369313861254E-002,-4.92183944836685275E-002)
           5  (2.18226238538613386E-002,-3.83465959020774239E-002)
           6  (9.90419365718468725E-003,-1.85857222603700474E-002)
           7   (9.91546309000227062E-003,4.03589648834380282E-002)
           8  (7.25639454210665318E-003,-5.19797035602882623E-002)
           9  (-1.54005416845067085E-002,1.76212607116647130E-002)
          10  (-2.63407186156713359E-003,7.49458023465313788E-003)
          11             (-0.20184096193408343,3.1296121522170424)
          12             (-0.0000000000000000,-0.0000000000000000)
          13             (-0.0000000000000000,-0.0000000000000000)
          14             (-0.0000000000000000,-0.0000000000000000)

!! use mod gnew, phi 
           1 (-7.11316108881523412E-002,-1.23076624381935501E-003)
           2   (2.54083166040829089E-003,8.00425182040686439E-002)
           3  (1.09690926842768346E-002,-6.50530890513385252E-002)
           4      (-3.55902789043600065E-002,-0.12919077887613178)
           5      (-2.30243166644693228E-002,-0.10911390263333069)
           6 (-1.21260970134410371E-002,-5.23023959585148801E-002)
           7        (3.64749735197498516E-003,0.10403023668320058)
           8       (2.20568660057115437E-002,-0.14525433716778222)
           9   (1.19285521634205360E-002,5.60688662083782957E-002)
          10   (1.79551233204478531E-003,1.98102385560716548E-002)
          11              (-1.5235545218579363,9.0351178556355887)
          12              (0.0000000000000000,-0.0000000000000000)
          13              (0.0000000000000000,-0.0000000000000000)
          14              (0.0000000000000000,-0.0000000000000000)


!! removing exponential in definition of lambda
           1   (9.34288317936272095E-002,1.45976000480926814E-002)
           2  (-3.88471791166775590E-002,3.67646807041938084E-002)
           3  (3.62270796972235451E-002,-2.38181628101937284E-002)
           4      (-2.55636388564753382E-002,-0.13825703716565826)
           5  (1.80591606011615002E-002,-8.63596556895579320E-002)
           6  (8.67176101893394821E-003,-3.94570182779508671E-002)
           7  (-2.14369607941343326E-002,4.72042135656751197E-002)
           8  (8.61954189044827901E-002,-5.70437389257852159E-002)
           9  (-2.72623299840272643E-002,1.96619479403700309E-002)
          10  (-4.47923359898205341E-004,1.63952436220224998E-002)
          11              (-5.0316101109178986,3.3079896710565926)
          12              (0.0000000000000000,-0.0000000000000000)
          13              (0.0000000000000000,-0.0000000000000000)
          14              (0.0000000000000000,-0.0000000000000000)

!! using dot products and conjugate stuff
           1   (9.34288317936272095E-002,1.45976000480926814E-002)
           2  (-3.88471791166775590E-002,3.67646807041938084E-002)
           3  (3.62270796972235451E-002,-2.38181628101937284E-002)
           4      (-2.55636388564753382E-002,-0.13825703716565826) !!
           5  (1.80591606011615002E-002,-8.63596556895579320E-002)
           6  (8.67176101893394821E-003,-3.94570182779508671E-002) !!
           7  (-2.14369607941343326E-002,4.72042135656751197E-002)
           8  (8.61954189044827901E-002,-5.70437389257852159E-002)
           9  (-2.72623299840272643E-002,1.96619479403700309E-002)
          10  (-4.47923359898205341E-004,1.63952436220224998E-002) !!
          11              (-5.0316101109178986,3.3079896710565926)
          12               (0.0000000000000000,0.0000000000000000)
          13               (0.0000000000000000,0.0000000000000000)
          14               (0.0000000000000000,0.0000000000000000)

!! A_store thing (fixing coeffient common to R'' and Z'') 
           1  (-1.05991287336751078E-002,8.92750761647117669E-002)
           2  (-1.62154256638678308E-002,1.90061324444585414E-002)
           3  (7.69213762798679184E-003,-1.41969529766092033E-003)
           4            (0.10219537945152891,-0.24937254993322297)
           5 (-1.52256033322818538E-002,-6.18267614556142556E-002)
           6  (1.91107382180567310E-003,-2.66895907871784951E-002)
           7   (3.51704074593467975E-002,2.77051786115507098E-003)
           8  (8.55007504706941229E-002,-5.64884430164018930E-002)
           9  (-5.88761394790869586E-002,5.26794660993670574E-002)
          10  (-1.55684994445494610E-002,2.57460986588508821E-002)
          11             (-1.0683538828321768,0.19718018048425473)
          12               (0.0000000000000000,0.0000000000000000)
          13               (0.0000000000000000,0.0000000000000000)
          14               (0.0000000000000000,0.0000000000000000)

!! exp factor for gnew and remove add omega term in adjoint p derivatives
           1   (9.34288318181725613E-002,1.45975999594939714E-002)
           2  (-3.88471789707558815E-002,3.67646807438464646E-002)
           3  (3.62270797071067296E-002,-2.38181627051184154E-002)
           4      (-2.55636387377967678E-002,-0.13825703725750635)
           5  (1.80591606405754758E-002,-8.63596556362601353E-002)
           6  (8.67176106104327639E-003,-3.94570182401166106E-002)
           7  (-2.14369607575041407E-002,4.72042135990987100E-002)
           8  (8.61954188860098586E-002,-5.70437388616599483E-002)
           9  (-2.72623299331793099E-002,1.96619479516387599E-002)
          10  (-4.47923338879275255E-004,1.63952436551002279E-002)
          11              (-5.0316101108205178,3.3079896710376060)
          12              (0.0000000000000000,-0.0000000000000000)
          13              (0.0000000000000000,-0.0000000000000000)
          14              (0.0000000000000000,-0.0000000000000000)

lam = lam/bmag
           1   (8.35249622758267724E-002,1.58497701636182431E-002)
           2  (-3.68500149066973356E-002,3.62243218424406627E-002)
           3  (3.50622141440396703E-002,-2.33341862274778315E-002)
           4      (-2.48939773894333444E-002,-0.14029147957760454)
           5  (1.63195780790784881E-002,-8.23001549484570771E-002)
           6  (9.13044731597041463E-003,-3.84229674715244190E-002)
           7  (-1.88659367697959456E-002,4.53753061984006126E-002)
           8  (8.18206524029210652E-002,-5.42870048577883679E-002)
           9  (-2.13587642165445034E-002,1.93317725389484107E-002)
          10  (-7.53610908369591720E-004,1.63658800070162272E-002)
          11              (-4.8698214465255356,3.2407729688775189)
          12              (0.0000000000000000,-0.0000000000000000)
          13              (0.0000000000000000,-0.0000000000000000)
          14              (0.0000000000000000,-0.0000000000000000)
 
           1        (0.10452639506494425,1.30967308123787120E-002)
           2  (-4.10152757310983801E-002,3.73702559862296030E-002)
           3  (3.74529240156476484E-002,-2.43341762257366125E-002)
           4      (-2.60477993183744344E-002,-0.13619871588804622)
           5  (1.99454219095700908E-002,-9.07839688928697708E-002)
           6  (8.12944928653276493E-003,-4.05436386062232104E-002)
           7  (-2.41344367558144167E-002,4.91797697548172208E-002)
           8  (9.08842307835079494E-002,-6.00713696620221033E-002)
           9  (-3.37750010856547184E-002,2.00162081552101058E-002)
          10  (-1.58517452050286527E-004,1.64104014276077216E-002)
          11              (-5.2018681067681891,3.3796559052056923)
          12              (0.0000000000000000,-0.0000000000000000)
          13              (0.0000000000000000,-0.0000000000000000)
          14              (0.0000000000000000,-0.0000000000000000)

!! including changes of boundary 
           1   (9.34288318181725613E-002,1.45975999594939714E-002)   4.4408920985006262E-010   5.7655586971350203E-003   1.7190316725645971E-002
           2  (-3.88471789707558815E-002,3.67646807438464646E-002)  -1.1102230246251565E-010 -0.11195951565845519       0.35914852913876416     
           3  (3.62270797071067296E-002,-2.38181627051184154E-002)   0.0000000000000000       0.20050192472975681      -0.64960604961861179     
           4      (-2.55636387377967678E-002,-0.13825703725750635)   2.2204460492503131E-010  -2.7910192046398663E-002   9.0393633467300560E-002
           5  (1.80591606405754758E-002,-8.63596556362601353E-002)   6.6613381477509392E-010   1.4279076809842195E-003  -4.6162711431207981E-003
           6  (8.67176106104327639E-003,-3.94570182401166106E-002)   6.6613381477509392E-010   4.2669090483116179E-005  -1.2592238363140495E-003
           7  (-2.14369607575041407E-002,4.72042135990987100E-002)   4.4408920985006262E-010  -2.0378707610291258E-003   6.5944152360941644E-003
           8  (8.61954188860098586E-002,-5.70437388616599483E-002)   0.0000000000000000        0.0000000000000000        0.0000000000000000     
           9  (-2.72623299331793099E-002,1.96619479516387599E-002)   6.6613381477509392E-010   2.0992116045448483E-002  -6.7526557456787373E-002
          10  (-4.47923338879275255E-004,1.63952436551002279E-002)   2.2204460492503131E-010   3.4890810240995052E-003  -1.1294423618579685E-002
          11              (-5.0316101108205178,3.3079896710376060)   0.0000000000000000        0.0000000000000000        0.0000000000000000     
          12              (0.0000000000000000,-0.0000000000000000)   0.0000000000000000        0.0000000000000000        0.0000000000000000     
          13              (0.0000000000000000,-0.0000000000000000)   0.0000000000000000        0.0000000000000000        0.0000000000000000     
          14              (0.0000000000000000,-0.0000000000000000)   0.0000000000000000        0.0000000000000000        0.0000000000000000     

           1   (9.34288318181725613E-002,1.45975999594939714E-002)  (-1.85306838402826274E-002,1.45975999594939714E-002)        (0.20538834747662776,1.45975999594939714E-002)   (9.34879722926950651E-002,1.46029484146067388E-002)   (9.33696913436500575E-002,1.45922515043812040E-002)
           2  (-3.88471789707558815E-002,3.67646807438464646E-002)        (0.16165474575900093,3.67646807438464646E-002)       (-0.23934910370051268,3.67646807438464646E-002)  (-4.04133527667621464E-002,3.67652069611251187E-002)  (-3.72810051747496166E-002,3.67641545265678105E-002)
           3  (3.62270797071067296E-002,-2.38181627051184154E-002)  (8.31688766070806662E-003,-2.38181627051184154E-002)  (6.41372717535053927E-002,-2.38181627051184154E-002)  (3.90319610760586286E-002,-2.38191161034003417E-002)  (3.34221983381548307E-002,-2.38172093068364892E-002)
           4      (-2.55636387377967678E-002,-0.13825703725750635)      (-2.41357310568125483E-002,-0.13825703725750635)      (-2.69915464187809873E-002,-0.13825703725750635)      (-2.06494618981641967E-002,-0.13880277485246367)      (-3.04778155774293388E-002,-0.13771129966254902)
           5  (1.80591606405754758E-002,-8.63596556362601353E-002)  (1.81018297310585920E-002,-8.63596556362601353E-002)  (1.80164915500923596E-002,-8.63596556362601353E-002)  (1.80867524116119782E-002,-8.63652138760731408E-002)  (1.80315688695389734E-002,-8.63540973964471298E-002)
           6  (8.67176106104327639E-003,-3.94570182401166106E-002)  (6.63389030001415060E-003,-3.94570182401166106E-002)  (1.07096318220724022E-002,-3.94570182401166106E-002)  (8.27960377919294624E-003,-3.91820177827512453E-002)  (9.06391834289360654E-003,-3.97320186974819758E-002)
           7  (-2.14369607575041407E-002,4.72042135990987100E-002)  (-2.14369607575041407E-002,4.72042135990987100E-002)  (-2.14369607575041407E-002,4.72042135990987100E-002)  (-2.14652521817896708E-002,4.72042015177934898E-002)  (-2.14086693332186107E-002,4.72042256804039301E-002)
           8  (8.61954188860098586E-002,-5.70437388616599483E-002)       (0.10718753493145834,-5.70437388616599483E-002)  (6.52033028405613752E-002,-5.70437388616599483E-002)  (8.61954188860098586E-002,-5.70437388616599483E-002)  (8.61954188860098586E-002,-5.70437388616599483E-002)
           9  (-2.72623299331793099E-002,1.96619479516387599E-002)  (-2.37732489090798048E-002,1.96619479516387599E-002)  (-3.07514109572788151E-002,1.96619479516387599E-002)  (-2.56326022539669351E-002,1.96753338145709208E-002)  (-2.88920576123916847E-002,1.96485620887065990E-002)
          10  (-4.47923338879275255E-004,1.63952436551002279E-002)  (-4.47923338879275255E-004,1.63952436551002279E-002)  (-4.47923338879275255E-004,1.63952436551002279E-002)  (-1.05140427810828871E-003,1.63859340655268387E-002)   (1.55557600349738091E-004,1.64045532446736170E-002)
          11              (-5.0316101108205178,3.3079896710376060)              (-5.0316101108205178,3.3079896710376060)              (-5.0316101108205178,3.3079896710376060)              (-5.0316101108205178,3.3079896710376060)              (-5.0316101108205178,3.3079896710376060)
          12              (0.0000000000000000,-0.0000000000000000)               (0.0000000000000000,0.0000000000000000)              (0.0000000000000000,-0.0000000000000000)               (0.0000000000000000,0.0000000000000000)              (0.0000000000000000,-0.0000000000000000)
          13              (0.0000000000000000,-0.0000000000000000)               (0.0000000000000000,0.0000000000000000)              (0.0000000000000000,-0.0000000000000000)               (0.0000000000000000,0.0000000000000000)              (0.0000000000000000,-0.0000000000000000)
          14              (0.0000000000000000,-0.0000000000000000)               (0.0000000000000000,0.0000000000000000)              (0.0000000000000000,-0.0000000000000000)               (0.0000000000000000,0.0000000000000000)              (0.0000000000000000,-0.0000000000000000)

           1   (9.34288318182059652E-002,1.45975999594727610E-002)   5.7655586971350203E-003   (8.76632731210709448E-002,1.45975999594727610E-002)   (9.25152070732752907E-002,1.49634084208180376E-002)
           2  (-3.88471789706864440E-002,3.67646807438053308E-002) -0.11195951565845519        (7.31123366877687447E-002,3.67646807438053308E-002)  (-2.11057961647413174E-002,2.96611647955012415E-002)
           3  (3.62270797071561901E-002,-2.38181627051596151E-002)  0.20050192472975681           (-0.16427484502260062,-2.38181627051596151E-002)  (4.45504694121439532E-003,-1.10968802701017343E-002)
           4      (-2.55636387377902626E-002,-0.13825703725751559)  -2.7910192046398663E-002       (2.34655330860840047E-003,-0.13825703725751559)      (-2.11409204152748255E-002,-0.14002786033723164)
           5  (1.80591606406125781E-002,-8.63596556362771772E-002)   1.4279076809842195E-003  (1.66312529596283586E-002,-8.63596556362771772E-002)  (1.78328908445090327E-002,-8.62690589154453402E-002)
           6  (8.67176106101368201E-003,-3.94570182401288438E-002)   4.2669090483116179E-005  (8.62909197053056583E-003,-3.94570182401288438E-002)  (8.66499961100391375E-003,-3.94543110065099442E-002)
           7  (-2.14369607574670974E-002,4.72042135990825493E-002)  -2.0378707610291258E-003  (-1.93990899964379716E-002,4.72042135990825493E-002)  (-2.11140346973834325E-002,4.70749164387079533E-002)
           8  (8.61954188860508397E-002,-5.70437388617065430E-002)   0.0000000000000000       (8.61954188860508397E-002,-5.70437388617065430E-002)  (8.61954188860508397E-002,-5.70437388617065430E-002)
           9  (-2.72623299331454377E-002,1.96619479516124615E-002)   2.0992116045448483E-002  (-4.82544459785939212E-002,1.96619479516124615E-002)  (-3.05887927574868788E-002,2.09938385929795933E-002)
          10  (-4.47923338876950725E-004,1.63952436551065145E-002)   3.4890810240995052E-003  (-3.93700436297645621E-003,1.63952436551065145E-002)  (-1.00081178007336105E-003,1.66166160195174543E-002)
          11              (-5.0316101108204769,3.3079896710375909)   0.0000000000000000                   (-5.0316101108204769,3.3079896710375909)              (-5.0316101108204769,3.3079896710375909)
          12              (0.0000000000000000,-0.0000000000000000)   0.0000000000000000                   (0.0000000000000000,-0.0000000000000000)              (0.0000000000000000,-0.0000000000000000)
          13              (0.0000000000000000,-0.0000000000000000)   0.0000000000000000                   (0.0000000000000000,-0.0000000000000000)              (0.0000000000000000,-0.0000000000000000)
          14              (0.0000000000000000,-0.0000000000000000)   0.0000000000000000                   (0.0000000000000000,-0.0000000000000000)              (0.0000000000000000,-0.0000000000000000)
           1   (9.34288318182059652E-002,1.45975999594727610E-002)   5.7655586971350203E-003   (9.91943905153409855E-002,1.45975999594727610E-002)   (9.18403735032751467E-002,1.49447514135047105E-002)   (9.34283643306562522E-002,1.45976411189198425E-002)
           2  (-3.88471789706864440E-002,3.67646807438053308E-002) -0.11195951565845519            (-0.15080669462914165,3.67646807438053308E-002)  (-4.04356372856172694E-002,3.71118321978372787E-002)  (-3.88447595932756712E-002,3.67641569639247170E-002)
           3  (3.62270797071561901E-002,-2.38181627051596151E-002)  0.20050192472975681            (0.23672900443691300,-2.38181627051596151E-002)  (3.46386213922253647E-002,-2.34710112511276638E-002)  (3.62227473232920802E-002,-2.38172246118003063E-002)
           4      (-2.55636387377902626E-002,-0.13825703725751559)  -2.7910192046398663E-002      (-5.34738307841889221E-002,-0.13825703725751559)      (-2.71520970527210879E-002,-0.13790988580348365)      (-2.55288193736330493E-002,-0.13826069633434654)
           5  (1.80591606406125781E-002,-8.63596556362771772E-002)   1.4279076809842195E-003  (1.94870683215967976E-002,-8.63596556362771772E-002)  (1.64707023256817527E-002,-8.60125041822452224E-002)  (1.80593946634803569E-002,-8.63596119590396699E-002)
           6  (8.67176106101368201E-003,-3.94570182401288438E-002)   4.2669090483116179E-005  (8.71443015149679819E-003,-3.94570182401288438E-002)  (7.08330274608285661E-003,-3.91098667860968960E-002)  (8.65864811604305853E-003,-3.94588433822773976E-002)
           7  (-2.14369607574670974E-002,4.72042135990825493E-002)  -2.0378707610291258E-003  (-2.34748315184962232E-002,4.72042135990825493E-002)  (-2.30254190723979228E-002,4.75513650531144971E-002)  (-2.14369160494592599E-002,4.72042042337496859E-002)
           8  (8.61954188860508397E-002,-5.70437388617065430E-002)   0.0000000000000000       (8.61954188860508397E-002,-5.70437388617065430E-002)  (8.46069605711200212E-002,-5.66965874076745951E-002)  (8.61954188860508397E-002,-5.70437388617065430E-002)
           9  (-2.72623299331454377E-002,1.96619479516124615E-002)   2.0992116045448483E-002  (-6.27021388769695431E-003,1.96619479516124615E-002)  (-2.88507882480762631E-002,2.00090994056444128E-002)  (-2.72545018238384666E-002,1.96568712752943561E-002)
          10  (-4.47923338876950725E-004,1.63952436551065145E-002)   3.4890810240995052E-003   (3.04115768522255454E-003,1.63952436551065145E-002)  (-2.03638165380777602E-003,1.67423951091384658E-002)  (-4.51936324110950376E-004,1.63978184561300033E-002)
          11              (-5.0316101108204769,3.3079896710375909)   0.0000000000000000                   (-5.0316101108204769,3.3079896710375909)              (-5.0331985691354078,3.3083368224916230)              (-5.0316101108204769,3.3079896710375909)
          12              (0.0000000000000000,-0.0000000000000000)   0.0000000000000000                    (0.0000000000000000,0.0000000000000000)  (-1.58845831493082518E-003,3.47151454031949648E-004)               (0.0000000000000000,0.0000000000000000)
          13              (0.0000000000000000,-0.0000000000000000)   0.0000000000000000                    (0.0000000000000000,0.0000000000000000)  (-1.58845831493082518E-003,3.47151454031949648E-004)               (0.0000000000000000,0.0000000000000000)
          14              (0.0000000000000000,-0.0000000000000000)   0.0000000000000000                    (0.0000000000000000,0.0000000000000000)  (-1.58845831493082518E-003,3.47151454031949648E-004)               (0.0000000000000000,0.0000000000000000)
           1   (9.34288318887705194E-002,1.45975999732035969E-002)
           2  (-3.88471789510815707E-002,3.67646806937372700E-002)
           3  (3.62270797838658565E-002,-2.38181627555561146E-002)
           4      (-2.55636387228555355E-002,-0.13825703731708469)
           5  (1.80591607139366471E-002,-8.63596556297265977E-002)
           6  (8.67176110854174162E-003,-3.94570182227893251E-002)
           7  (-2.14369606827584207E-002,4.72042135668759022E-002)
           8  (8.61954189304562218E-002,-5.70437389321237359E-002)
           9  (-2.72623299130608059E-002,1.96619478918254494E-002)
          10  (-4.47923289588988017E-004,1.63952435958767927E-002)
          11              (-5.0316101107689546,3.3079896709566201)
          12              (0.0000000000000000,-0.0000000000000000)
          13              (0.0000000000000000,-0.0000000000000000)
          14              (0.0000000000000000,-0.0000000000000000)
