           1        (0.20342219309642523,6.11044998708062323E-002)
  -9.8524191359464948E-003  -1.0742330171862735E-002                       NaN                       NaN                       NaN                       NaN
                       NaN                       NaN
 --------
           2  (-1.53806406075066814E-002,2.41950800275156502E-002)
  0.20098524126708389        1.0742347079847278E-003                       NaN                       NaN                       NaN                       NaN
                       NaN                       NaN
 --------
           3  (-1.07461001796846852E-010,1.95075473224644913E-010)
  -1.1151322505013008E-010  0.35999971216233778                            NaN                       NaN                       NaN                       NaN
                       NaN                       NaN
 --------
           4      (-4.48758798809165346E-002,-0.14730839455918249)
   3.6240385268730892E-002   2.4500440728411114E-002                       NaN                       NaN                       NaN                       NaN
                       NaN                       NaN
 --------
           5  (-4.82199971764060153E-002,1.03529304039392481E-003)
   2.5966200143920444E-003  0.53722388435926460                            NaN                       NaN                       NaN                       NaN
                       NaN                       NaN
 --------
           6 (-1.65736426411920330E-002,-1.27494249293899371E-002)
  -2.7821823698912381E-003   2.4000102669082549E-002                       NaN                       NaN                       NaN                       NaN
                       NaN                       NaN
 --------
           7   (3.25980323326472768E-002,8.70848673137355860E-003)
  0.71062638889718721       0.71028066247482868                            NaN                       NaN                       NaN                       NaN
                       NaN                       NaN
 --------
           8      (-7.02484883319868525E-002,-0.12415841209064131)
   0.0000000000000000        1.1466238167068377                            NaN                       NaN                       NaN                       NaN
                       NaN                       NaN
 --------
           9  (-1.05016816186027841E-002,8.20437111791728207E-003)
  -3.7462954266827386E-002   7.1197045087838858E-003                       NaN                       NaN                       NaN                       NaN
                       NaN                       NaN
 --------
          10   (8.95165381433773305E-003,1.61299438776020300E-002)
  -6.2180732186555713E-003  -2.7348344955132743E-003                       NaN                       NaN                       NaN                       NaN
                       NaN                       NaN
 --------
          11               (2.3874495897261090,7.0617647936618013)
   0.0000000000000000       -2.2079822551010220                            NaN                       NaN                       NaN                       NaN
                       NaN                       NaN
 --------
          12             (-0.0000000000000000,-0.0000000000000000)
   0.0000000000000000        0.0000000000000000                            NaN                       NaN                       NaN                       NaN
                       NaN                       NaN
 --------
          13             (-0.0000000000000000,-0.0000000000000000)
   0.0000000000000000        0.0000000000000000                            NaN                       NaN                       NaN                       NaN
                       NaN                       NaN
 --------
          14             (-0.0000000000000000,-0.0000000000000000)
   0.0000000000000000        0.0000000000000000                            NaN                       NaN                       NaN                       NaN
                       NaN                       NaN
 --------
           1
  -9.8524191359464948E-003  -1.0742330171862735E-002  -9.8315672181900939E-003  -1.0719343341407971E-002  -9.8732722641892475E-003  -1.0765318041835368E-002
   4.1705045999153659E-005   4.5974700427397347E-005
 --------
           2
  0.20098524126708389        1.0742347079847278E-003  0.20098055960318970        1.0674145697529011E-003  0.20098992282955525        1.0810547520583396E-003
  -9.3632263655496484E-006  -1.3640182305438417E-005
 --------
           3
  -1.1151322505013008E-010  0.35999971216233778        0.0000000000000000       0.35999971173951401       -1.1151467270560283E-010  0.35999971157882305     
   1.1151467270560283E-010   1.6069096053783483E-010
 --------
           4
   3.6240385268730892E-002   2.4500440728411114E-002   3.5937373434546449E-002   2.4280073450006129E-002   3.6543404524215221E-002   2.4720816764575586E-002
  -6.0603108966877234E-004  -4.4074331456945767E-004
 --------
           5
   2.5966200143920444E-003  0.53722388435926460        2.5966397203028521E-003  0.53723671041483401        2.5965998619115836E-003  0.53721105812639125     
   3.9858391268510901E-008   2.5652288442756799E-005
 --------
           6
  -2.7821823698912381E-003   2.4000102669082549E-002  -2.7841342847361454E-003   2.3999804178703118E-002  -2.7802306273972091E-003   2.4000400770386395E-002
  -3.9036573389363005E-006  -5.9659168327730328E-007
 --------
           7
  0.71062638889718721       0.71028066247482868       0.71062638865562056       0.71028066801331224       0.71062638858137261       0.71028065552724706     
   7.4247941128646744E-011   1.2486065181782635E-008
 --------
           8
   0.0000000000000000        1.1466238167068377        0.0000000000000000        1.1466261845130850        0.0000000000000000        1.1466214483912285     
   0.0000000000000000        4.7361218564745400E-006
 --------
           9
  -3.7462954266827386E-002   7.1197045087838858E-003  -3.7388428913278982E-002   7.1764025903952857E-003  -3.7537483562613647E-002   7.0630050709026906E-003
   1.4905464933466506E-004   1.1339751949259510E-004
 --------
          10
  -6.2180732186555713E-003  -2.7348344955132743E-003  -6.1563083089005441E-003  -2.6840267066198784E-003  -6.2798400666101350E-003  -2.7856451859177307E-003
   1.2353175770959089E-004   1.0161847929785221E-004
 --------
          11
   0.0000000000000000       -2.2079822551010220        0.0000000000000000       -2.2080234058521153        0.0000000000000000       -2.2079411038986017     
   0.0000000000000000       -8.2301953513663761E-005
 --------
          12
   0.0000000000000000        0.0000000000000000        0.0000000000000000        0.0000000000000000        0.0000000000000000        0.0000000000000000     
   0.0000000000000000        0.0000000000000000     
 --------
          13
   0.0000000000000000        0.0000000000000000        0.0000000000000000        0.0000000000000000        0.0000000000000000        0.0000000000000000     
   0.0000000000000000        0.0000000000000000     
 --------
          14
   0.0000000000000000        0.0000000000000000        0.0000000000000000        0.0000000000000000        0.0000000000000000        0.0000000000000000     
   0.0000000000000000        0.0000000000000000     
 --------


           1        (0.11312694602142251,5.56655451993024603E-002)
           2  (-6.76834282659750930E-003,2.56093876183865997E-002)
           3 (-2.23042778215764407E-012,-2.87817497438936882E-011)
           4      (-3.77361810241447215E-002,-0.14709752972263257)
           5  (-3.25072557298414222E-002,8.40486370828210511E-003)
           6 (-1.34496575934819878E-002,-1.34060061027021383E-002)
           7   (3.30580567128613070E-002,1.09277275205152749E-002)
           8      (-5.34487982062853001E-002,-0.10697976208197087)
           9  (7.85286524126174723E-003,-9.41301748274465900E-004)
          10   (6.99081813348940463E-003,1.41684894296334411E-002)
          11               (1.8580579684695515,6.4518344096465983)

           1        (0.10244349532562147,4.65760477408316831E-002)
           2  (-5.04767921905013850E-003,2.60009303115760204E-002)
           3  (5.82867087928207184E-010,-5.41233724504763813E-010)
           4      (-1.46186960314764747E-002,-0.13068261632553924)
           5  (-3.20364114680948830E-002,8.68144355015143532E-003)
           6 (-1.73910872092175595E-002,-1.85525138446385185E-002)
           7   (3.42788688822981413E-002,1.01454515066823348E-002)
           8      (-5.39977511038181035E-002,-0.10533294729497822)
           9  (1.23306952704016481E-002,-9.95632715161676174E-004)
          10   (3.57207818879601291E-003,1.28682214189934641E-002)
          11               (1.9170153623682129,6.3632753493914063)
          12               (0.0000000000000000,0.0000000000000000)
          13               (0.0000000000000000,0.0000000000000000)
          14               (0.0000000000000000,0.0000000000000000)
	  
           1
  -9.8524191359464948E-003   509.74598605012466       -5.0222311074321624     
 --------
           2
  0.20098524126708389        509.74598605012466        102.45141999121188     
 --------
           3
  -1.1151322505013008E-010   509.74598605012466       -5.6843418860808015E-008
 --------
           4
   3.6240385268730892E-002   509.74598605012466        18.473390923645638     
 --------
           5
   2.5966200143920444E-003   509.74598605012466        1.3236166296337615     
 --------
           6
  -2.7821823698912381E-003   509.74598605012466       -1.4182062955114816     
 --------
           7
  0.71062638889718721        509.74598605012466        362.23894932163603     
 --------
           8
   0.0000000000000000        509.74598605012466        0.0000000000000000     
 --------
           9
  -3.7462954266827386E-002   509.74598605012466       -19.096590563094651     
 --------
          10
  -6.2180732186555713E-003   509.74598605012466       -3.1696378641754563     
 --------
          11
   0.0000000000000000        509.74598605012466        0.0000000000000000     
 --------
          12
   0.0000000000000000        509.74598605012466        0.0000000000000000     
 --------
          13
   0.0000000000000000        509.74598605012466        0.0000000000000000     
 --------
          14
   0.0000000000000000        509.74598605012466        0.0000000000000000     
 --------


!!

           1   (9.13525240948439843E-002,1.47164759577525332E-002)
           2  (-3.93065228831083052E-002,3.69846317822129442E-002)
           3  (3.66578082768622693E-002,-2.41279975703502063E-002)
           4      (-2.39480251005697621E-002,-0.13747126084773992)
           5  (1.88963442044529431E-002,-8.72485945187818218E-002)
           6  (8.72392875058345015E-003,-3.97471798182447711E-002)
           7  (-2.28103372101090170E-002,4.77577872607468923E-002)
           8  (8.72541163554829691E-002,-5.82556035471415157E-002)
           9  (-2.82069445155184971E-002,2.01969362065296879E-002)
          10  (-6.30584468497424021E-004,1.63667024342735376E-002)
          11              (-5.0920333858541129,3.3502026614283689)
          12               (0.0000000000000000,0.0000000000000000)
          13               (0.0000000000000000,0.0000000000000000)
          14               (0.0000000000000000,0.0000000000000000)


           1   (6.39843345251467355E-002,1.46951393692473786E-002)
           2  (-3.62325905667315595E-002,3.70179311925955545E-002)
           3  (3.66874966239993938E-002,-2.43318554610238991E-002)
           4       (1.92716055613662007E-002,-0.13276918207905108)
           5  (1.90561815216483410E-002,-8.76656656850771654E-002)
           6 (-6.75395128713063286E-004,-4.23988080616721774E-002)
           7  (-2.14772292728149239E-002,4.74139000283813061E-002)
           8  (8.73046098470720011E-002,-5.87484081659983559E-002)
           9  (-2.21765818764207978E-002,1.99375750353780745E-002)
          10  (-6.50920686795508630E-003,1.62021670524481465E-002)
          11              (-5.0958880307427901,3.3790544480133411)
          12               (0.0000000000000000,0.0000000000000000)
          13               (0.0000000000000000,0.0000000000000000)
          14               (0.0000000000000000,0.0000000000000000)
	  

	   1
  -9.8827716429068686E-003
 --------
           2
  0.20097025454423925     
 --------
           3
   0.0000000000000000     
 --------
           4
   3.6192577501161928E-002
 --------
           5
   2.6290311130663514E-003
 --------
           6
  -2.8106984826724349E-003
 --------
           7
  0.71062548133464298     
 --------
           8
   0.0000000000000000     
 --------
           9
  -3.7403015600561362E-002
 --------
          10
  -6.2008937523635576E-003
 --------
          11
   0.0000000000000000     
 --------
          12
   0.0000000000000000     
 --------
          13
   0.0000000000000000     
 --------
          14
   0.0000000000000000     
 --------
